[[1, 2, 3]]
[[1, 2, 3], [1, 4, 5]]
[[1, 2, 3], [1, 4, 5], [1, 6, 7]]
[[1, 2, 3], [1, 4, 5], [2, 4, 6]]
[[1, 2, 3], [1, 4, 5], [2, 4, 6], [3, 4, 7]]
[[1, 2, 3], [1, 4, 5], [2, 4, 6], [3, 5, 6]]
[[1, 2, 3], [1, 4, 5], [2, 4, 6], [3, 4, 7], [3, 5, 6]]
[[1, 2, 3], [1, 4, 5], [2, 4, 6], [2, 5, 7], [3, 4, 7], [3, 5, 6]]
[[1, 2, 3], [1, 4, 5], [1, 6, 7], [2, 4, 6], [2, 5, 7], [3, 4, 7], [3, 5, 6]]
[[1, 2, 3], [1, 2, 4], [1, 3, 4], [2, 3, 4], [5, 6, 7]]
[[1, 2, 3], [1, 2, 4], [1, 3, 4], [1, 5, 6], [1, 5, 7], [1, 6, 7], [2, 3, 4], [5, 6, 7]]
